0.000010 0.999970 0.000010 0.000010
0.000010 0.999970 0.000010 0.000010
0.000010 0.000010 0.999970 0.000010
0.999970 0.000010 0.000010 0.000010
0.000010 0.000010 0.999970 0.000010
0.000010 0.000010 0.999970 0.000010
0.999970 0.000010 0.000010 0.000010
0.000010 0.360892 0.000010 0.639088
0.999970 0.000010 0.000010 0.000010
0.000010 0.999970 0.000010 0.000010
0.000010 0.000010 0.000010 0.999970
0.000010 0.000010 0.999970 0.000010
0.000010 0.000010 0.000010 0.999970
0.000010 0.000010 0.000010 0.999970
0.000010 0.000010 0.999970 0.000010
0.565843 0.000010 0.000010 0.434137
0.000010 0.000010 0.999970 0.000010
0.999970 0.000010 0.000010 0.000010
0.000016 0.000010 0.000010 0.999964
0.000010 0.000010 0.483054 0.516926
0.555941 0.444039 0.000010 0.000010
0.000010 0.000010 0.000010 0.999970
0.000010 0.336641 0.204023 0.459327
0.000010 0.000010 0.999970 0.000010
0.000010 0.000010 0.999970 0.000010
0.000010 0.999970 0.000010 0.000010
0.000010 0.000010 0.999970 0.000010
0.999970 0.000010 0.000010 0.000010
0.000010 0.999970 0.000010 0.000010
0.999970 0.000010 0.000010 0.000010
0.682111 0.000010 0.317869 0.000010
0.000010 0.999970 0.000010 0.000010
0.678357 0.000010 0.321623 0.000010
0.000010 0.000010 0.999970 0.000010
0.000010 0.000010 0.000010 0.999970
0.000010 0.515331 0.000010 0.484649
0.000010 0.343394 0.000010 0.656586
0.000010 0.999970 0.000010 0.000010
0.000015 0.000010 0.000010 0.999965
0.000010 0.999970 0.000010 0.000010
0.999970 0.000010 0.000010 0.000010
0.595965 0.000010 0.000010 0.404015
0.000010 0.000010 0.344430 0.655550
0.000010 0.000010 0.999970 0.000010
0.000010 0.626181 0.373799 0.000010
0.000010 0.000010 0.000010 0.999970
0.000010 0.000010 0.000010 0.999970
0.000010 0.000010 0.297669 0.702311
0.999970 0.000010 0.000010 0.000010
0.000010 0.000010 0.000010 0.999970
0.000010 0.999970 0.000010 0.000010
0.000010 0.999970 0.000010 0.000010
0.000010 0.999970 0.000010 0.000010
0.000010 0.253072 0.221074 0.525844
0.000010 0.000010 0.000010 0.999970
0.999970 0.000010 0.000010 0.000010
0.000010 0.642986 0.356994 0.000010
0.000010 0.999970 0.000010 0.000010
0.999970 0.000010 0.000010 0.000010
0.000010 0.000010 0.000010 0.999970
0.000010 0.000010 0.000010 0.999970
0.000010 0.000010 0.000010 0.999970
0.000010 0.000010 0.000010 0.999970
0.000010 0.000010 0.999970 0.000010
0.000010 0.000010 0.999970 0.000010
0.000010 0.999970 0.000010 0.000010
0.350370 0.000010 0.000010 0.649610
0.999970 0.000010 0.000010 0.000010
0.999970 0.000010 0.000010 0.000010
0.000010 0.000010 0.999970 0.000010
0.000010 0.526192 0.000010 0.473788
0.000010 0.999970 0.000010 0.000010
0.000010 0.000010 0.999970 0.000010
0.999970 0.000010 0.000010 0.000010
0.000010 0.000010 0.000010 0.999970
0.423098 0.000010 0.576882 0.000010
0.000010 0.999970 0.000010 0.000010
0.000010 0.999970 0.000010 0.000010
0.000010 0.644922 0.355058 0.000010
0.999970 0.000010 0.000010 0.000010
0.000010 0.000010 0.999970 0.000010
0.601043 0.398937 0.000010 0.000010
0.000010 0.000010 0.000010 0.999970
0.000010 0.000010 0.000010 0.999970
0.414582 0.000010 0.585398 0.000010
0.000010 0.999970 0.000010 0.000010
0.000010 0.999970 0.000010 0.000010
0.999970 0.000010 0.000010 0.000010
0.000010 0.000010 0.000010 0.999970
0.999970 0.000010 0.000010 0.000010
0.000010 0.540047 0.000010 0.459933
0.643593 0.356387 0.000010 0.000010
0.000010 0.000010 0.999970 0.000010
0.000010 0.999970 0.000010 0.000010
0.999970 0.000010 0.000010 0.000010
0.000010 0.000010 0.000010 0.999970
0.999970 0.000010 0.000010 0.000010
0.999970 0.000010 0.000010 0.000010
0.999970 0.000010 0.000010 0.000010
0.366206 0.000010 0.000010 0.633774
0.000010 0.000010 0.000010 0.999970
0.369174 0.000010 0.000010 0.630806
0.000010 0.000010 0.466292 0.533688
