0.000010 0.999970 0.000010 0.000010
0.000010 0.999970 0.000010 0.000010
0.000010 0.000010 0.999970 0.000010
0.999970 0.000010 0.000010 0.000010
0.000010 0.000010 0.999970 0.000010
0.000010 0.000010 0.999970 0.000010
0.999970 0.000010 0.000010 0.000010
0.000010 0.356484 0.000010 0.643496
0.999970 0.000010 0.000010 0.000010
0.000010 0.999970 0.000010 0.000010
0.000010 0.000010 0.000010 0.999970
0.000010 0.542410 0.457570 0.000010
0.000010 0.273484 0.133308 0.593198
0.000010 0.000010 0.000010 0.999970
0.000010 0.000010 0.000010 0.999970
0.567981 0.000010 0.000010 0.431999
0.000010 0.000010 0.999970 0.000010
0.999970 0.000010 0.000010 0.000010
0.000010 0.000010 0.000010 0.999970
0.000010 0.000010 0.000010 0.999970
0.534152 0.465828 0.000010 0.000010
0.000010 0.000010 0.000010 0.999970
0.000010 0.359682 0.000010 0.640298
0.000010 0.000010 0.999970 0.000010
0.000010 0.000010 0.999970 0.000010
0.000010 0.999970 0.000010 0.000010
0.000010 0.000010 0.999970 0.000010
0.999970 0.000010 0.000010 0.000010
0.000010 0.999970 0.000010 0.000010
0.999970 0.000010 0.000010 0.000010
0.999970 0.000010 0.000010 0.000010
0.000010 0.999970 0.000010 0.000010
0.999970 0.000010 0.000010 0.000010
0.000010 0.000010 0.999970 0.000010
0.000010 0.000010 0.000010 0.999970
0.000010 0.512535 0.000010 0.487445
0.000010 0.283973 0.166183 0.549833
0.000010 0.999970 0.000010 0.000010
0.000010 0.000010 0.000010 0.999970
0.000010 0.999970 0.000010 0.000010
0.999970 0.000010 0.000010 0.000010
0.559683 0.000010 0.000010 0.440297
0.000010 0.000010 0.000010 0.999970
0.000010 0.000010 0.999970 0.000010
0.000010 0.482850 0.517130 0.000010
0.000010 0.000010 0.000010 0.999970
0.000010 0.000010 0.000010 0.999970
0.000010 0.000010 0.000010 0.999970
0.999970 0.000010 0.000010 0.000010
0.000010 0.000010 0.000010 0.999970
0.000010 0.999970 0.000010 0.000010
0.000010 0.999970 0.000010 0.000010
0.000010 0.999970 0.000010 0.000010
0.000010 0.497734 0.000010 0.502246
0.000010 0.000010 0.000010 0.999970
0.999967 0.000013 0.000010 0.000010
0.000010 0.999970 0.000010 0.000010
0.000010 0.999970 0.000010 0.000010
0.999970 0.000010 0.000010 0.000010
0.000010 0.000010 0.000010 0.999970
0.000010 0.000010 0.000010 0.999970
0.000010 0.000010 0.000010 0.999970
0.000010 0.000010 0.000010 0.999970
0.000010 0.000010 0.999970 0.000010
0.000010 0.501847 0.498133 0.000010
0.000010 0.999970 0.000010 0.000010
0.342863 0.000010 0.000010 0.657117
0.999970 0.000010 0.000010 0.000010
0.999970 0.000010 0.000010 0.000010
0.000010 0.000010 0.454506 0.545474
0.000014 0.559185 0.000010 0.440791
0.000010 0.999970 0.000010 0.000010
0.000010 0.000010 0.999970 0.000010
0.999970 0.000010 0.000010 0.000010
0.000010 0.000010 0.000010 0.999970
0.502085 0.000010 0.497895 0.000010
0.000010 0.999970 0.000010 0.000010
0.000010 0.999970 0.000010 0.000010
0.000010 0.999970 0.000010 0.000010
0.999970 0.000010 0.000010 0.000010
0.000010 0.000010 0.452457 0.547523
0.568748 0.431232 0.000010 0.000010
0.000010 0.000010 0.000010 0.999970
0.000010 0.000010 0.000010 0.999970
0.517152 0.000010 0.482828 0.000010
0.000010 0.999970 0.000010 0.000010
0.000010 0.999970 0.000010 0.000010
0.999970 0.000010 0.000010 0.000010
0.000010 0.000010 0.000010 0.999970
0.999970 0.000010 0.000010 0.000010
0.000010 0.551418 0.000010 0.448562
0.631343 0.368637 0.000010 0.000010
0.000010 0.000010 0.999970 0.000010
0.000010 0.999970 0.000010 0.000010
0.999970 0.000010 0.000010 0.000010
0.000010 0.000010 0.000010 0.999970
0.999970 0.000010 0.000010 0.000010
0.999970 0.000010 0.000010 0.000010
0.999970 0.000010 0.000010 0.000010
0.365423 0.000010 0.000010 0.634557
0.000010 0.000010 0.000010 0.999970
0.369343 0.000010 0.000010 0.630637
0.000010 0.000010 0.999970 0.000010
0.000010 0.000010 0.999970 0.000010
0.000010 0.000010 0.000010 0.999970
