0.000010 0.999960 0.000010 0.000010 0.000010
0.999960 0.000010 0.000010 0.000010 0.000010
0.000010 0.000012 0.999958 0.000010 0.000010
0.000010 0.000010 0.274793 0.725177 0.000010
0.000010 0.000010 0.999960 0.000010 0.000010
0.000010 0.000010 0.000010 0.000010 0.999960
0.000010 0.000010 0.999960 0.000010 0.000010
0.643727 0.000010 0.356234 0.000019 0.000010
0.000010 0.000010 0.000010 0.999960 0.000010
0.000010 0.000010 0.000010 0.000010 0.999960
0.000010 0.000010 0.999960 0.000010 0.000010
0.000010 0.999960 0.000010 0.000010 0.000010
0.000010 0.000010 0.000010 0.000010 0.999960
0.000011 0.000010 0.000010 0.999959 0.000010
0.000010 0.000010 0.000010 0.999960 0.000010
0.000010 0.999960 0.000010 0.000010 0.000010
0.999960 0.000010 0.000010 0.000010 0.000010
0.000010 0.524489 0.475481 0.000010 0.000010
0.000010 0.000010 0.000010 0.000010 0.999960
0.000010 0.000010 0.000010 0.999960 0.000010
0.000010 0.999960 0.000010 0.000010 0.000010
0.000010 0.368500 0.000017 0.631463 0.000010
0.000010 0.000010 0.000010 0.678987 0.320983
0.000010 0.999960 0.000010 0.000010 0.000010
0.000010 0.999960 0.000010 0.000010 0.000010
0.423942 0.576028 0.000010 0.000010 0.000010
0.000010 0.000010 0.000010 0.000010 0.999960
0.000010 0.436564 0.000010 0.000010 0.563406
0.000010 0.999960 0.000010 0.000010 0.000010
0.000010 0.500484 0.000010 0.000010 0.499486
0.000010 0.660632 0.000010 0.000010 0.339338
0.999960 0.000010 0.000010 0.000010 0.000010
0.999960 0.000010 0.000010 0.000010 0.000010
0.000010 0.000010 0.000010 0.000010 0.999960
0.000010 0.000010 0.000010 0.421704 0.578266
0.000010 0.000010 0.000010 0.999960 0.000010
0.275332 0.000015 0.000010 0.724633 0.000010
0.000010 0.000010 0.999960 0.000010 0.000010
0.000010 0.999960 0.000010 0.000010 0.000010
0.000010 0.000010 0.999960 0.000010 0.000010
0.000010 0.000010 0.000010 0.999960 0.000010
0.576477 0.000010 0.000016 0.000010 0.423487
0.191562 0.325707 0.000010 0.482711 0.000010
0.000010 0.000010 0.000010 0.000010 0.999960
0.513721 0.486249 0.000010 0.000010 0.000010
0.000010 0.000010 0.000010 0.000010 0.999960
0.000010 0.000010 0.999960 0.000010 0.000010
0.000010 0.000010 0.000010 0.000010 0.999960
0.000010 0.000010 0.000010 0.999960 0.000010
0.000010 0.000010 0.999960 0.000010 0.000010
0.000010 0.999960 0.000010 0.000010 0.000010
0.000010 0.000010 0.000010 0.999960 0.000010
0.000012 0.000010 0.999958 0.000010 0.000010
0.000010 0.000010 0.539178 0.460792 0.000010
0.000010 0.000010 0.999960 0.000010 0.000010
0.000010 0.493480 0.000010 0.506490 0.000010
0.000010 0.437053 0.000010 0.562917 0.000010
0.626907 0.000010 0.373063 0.000010 0.000010
0.999960 0.000010 0.000010 0.000010 0.000010
0.000010 0.000010 0.524470 0.475500 0.000010
0.000010 0.000010 0.000010 0.000010 0.999960
0.604252 0.000010 0.000010 0.000010 0.395718
0.000010 0.000010 0.000010 0.999960 0.000010
0.000010 0.999960 0.000010 0.000010 0.000010
0.000010 0.345592 0.000010 0.306683 0.347705
0.999960 0.000010 0.000010 0.000010 0.000010
0.000010 0.999960 0.000010 0.000010 0.000010
0.000010 0.381254 0.000010 0.618716 0.000010
0.523411 0.476559 0.000010 0.000010 0.000010
0.000010 0.000010 0.000010 0.999960 0.000010
0.000010 0.999960 0.000010 0.000010 0.000010
0.000010 0.999960 0.000010 0.000010 0.000010
0.000010 0.000010 0.000010 0.999960 0.000010
0.000010 0.000010 0.000010 0.999960 0.000010
0.999960 0.000010 0.000010 0.000010 0.000010
0.000010 0.999960 0.000010 0.000010 0.000010
0.000010 0.000010 0.000010 0.000010 0.999960
0.000010 0.000010 0.000010 0.999960 0.000010
0.000010 0.505093 0.494877 0.000010 0.000010
0.000010 0.000010 0.000010 0.000010 0.999960
0.000010 0.000010 0.000010 0.504294 0.495676
0.000010 0.000010 0.999960 0.000010 0.000010
0.000010 0.000010 0.000010 0.999960 0.000010
0.000010 0.000010 0.000010 0.000010 0.999960
0.000010 0.999960 0.000010 0.000010 0.000010
0.999960 0.000010 0.000010 0.000010 0.000010
0.000010 0.999960 0.000010 0.000010 0.000010
0.000010 0.000010 0.000010 0.999960 0.000010
0.999960 0.000010 0.000010 0.000010 0.000010
0.000010 0.000010 0.000010 0.000010 0.999960
0.000010 0.648583 0.000010 0.351387 0.000010
0.000010 0.000010 0.000010 0.000010 0.999960
0.000010 0.000010 0.999960 0.000010 0.000010
0.512499 0.487471 0.000010 0.000010 0.000010
0.000010 0.000010 0.000010 0.000010 0.999960
0.000010 0.000010 0.000010 0.999960 0.000010
0.000010 0.999960 0.000010 0.000010 0.000010
0.232288 0.443894 0.323799 0.000010 0.000010
0.000010 0.000010 0.000010 0.999960 0.000010
0.000010 0.000010 0.000010 0.000010 0.999960
0.000010 0.000010 0.999960 0.000010 0.000010
0.000010 0.999960 0.000010 0.000010 0.000010
0.999957 0.000010 0.000010 0.000013 0.000010
0.999957 0.000010 0.000010 0.000013 0.000010
0.999960 0.000010 0.000010 0.000010 0.000010
