0.000010 0.999980 0.000010
0.020787 0.979203 0.000010
0.000010 0.000010 0.999980
0.003940 0.996050 0.000010
0.008202 0.000010 0.991788
0.036922 0.000010 0.963068
0.000010 0.000010 0.999980
0.999980 0.000010 0.000010
0.000010 0.000010 0.999980
0.026285 0.000010 0.973705
0.000010 0.000010 0.999980
0.008509 0.330440 0.661051
0.000010 0.291629 0.708361
0.033881 0.966109 0.000010
0.000010 0.000010 0.999980
0.745481 0.254509 0.000010
0.000010 0.000010 0.999980
0.999980 0.000010 0.000010
0.267142 0.732848 0.000010
0.000010 0.000010 0.999980
0.000010 0.000010 0.999980
0.980595 0.019395 0.000010
0.000010 0.000010 0.999980
0.973794 0.000010 0.026196
0.999980 0.000010 0.000010
0.967906 0.000010 0.032084
0.999980 0.000010 0.000010
0.999980 0.000010 0.000010
0.999980 0.000010 0.000010
0.950875 0.000010 0.049115
0.000010 0.999980 0.000010
0.000010 0.000010 0.999980
0.000010 0.000010 0.999980
0.802745 0.197245 0.000010
0.000010 0.369927 0.630063
0.000010 0.999980 0.000010
0.999980 0.000010 0.000010
0.180273 0.447785 0.371942
0.000010 0.999980 0.000010
0.000010 0.000010 0.999980
0.000010 0.000010 0.999980
0.000010 0.000010 0.999980
0.000010 0.000010 0.999980
0.000010 0.000010 0.999980
0.000010 0.000010 0.999980
0.997234 0.002756 0.000010
0.000010 0.000010 0.999980
0.999980 0.000010 0.000010
0.322692 0.677298 0.000010
0.000010 0.999980 0.000010
0.000010 0.000010 0.999980
0.050017 0.949973 0.000010
0.000010 0.999980 0.000010
0.000010 0.000010 0.999980
0.999980 0.000010 0.000010
0.000010 0.572130 0.427860
0.044083 0.955907 0.000010
0.999980 0.000010 0.000010
0.000010 0.999980 0.000010
0.999980 0.000010 0.000010
0.980180 0.019810 0.000010
0.000010 0.342827 0.657163
0.968269 0.031721 0.000010
0.000010 0.999980 0.000010
0.000010 0.681907 0.318083
0.000010 0.000010 0.999980
0.027046 0.972944 0.000010
0.000010 0.000010 0.999980
0.000010 0.000010 0.999980
0.990215 0.009775 0.000010
0.155476 0.844514 0.000010
0.000010 0.999980 0.000010
0.894869 0.105121 0.000010
0.124098 0.875892 0.000010
0.343424 0.656566 0.000010
0.999980 0.000010 0.000010
0.000010 0.999980 0.000010
0.999980 0.000010 0.000010
0.999980 0.000010 0.000010
0.000010 0.653933 0.346057
0.000010 0.000010 0.999980
0.000010 0.000010 0.999980
0.692242 0.307748 0.000010
0.000010 0.000010 0.999980
0.909423 0.090567 0.000010
0.000010 0.000010 0.999980
0.000010 0.000010 0.999980
0.000010 0.000010 0.999980
0.000010 0.999980 0.000010
0.034368 0.965622 0.000010
0.000010 0.000010 0.999980
0.999980 0.000010 0.000010
0.974605 0.025385 0.000010
0.000010 0.376090 0.623900
0.000010 0.999980 0.000010
0.028565 0.971425 0.000010
0.999980 0.000010 0.000010
0.000010 0.600003 0.399987
0.967959 0.032031 0.000010
0.062810 0.937180 0.000010
0.975041 0.024949 0.000010
0.000010 0.999980 0.000010
0.000010 0.000010 0.999980
0.001216 0.998774 0.000010
0.000010 0.000010 0.999980
0.000010 0.000010 0.999980
0.999980 0.000010 0.000010
0.000010 0.370676 0.629314
0.000010 0.000010 0.999980
0.000010 0.583034 0.416956
0.000010 0.999980 0.000010
0.999980 0.000010 0.000010
0.000010 0.999980 0.000010
0.000010 0.000010 0.999980
0.999980 0.000010 0.000010
0.972722 0.027268 0.000010
0.000010 0.512708 0.487282
0.999980 0.000010 0.000010
0.999980 0.000010 0.000010
0.000010 0.000010 0.999980
0.000010 0.999980 0.000010
0.000010 0.999980 0.000010
0.029548 0.970442 0.000010
0.999980 0.000010 0.000010
