0.000010 0.999970 0.000010 0.000010
0.000010 0.999970 0.000010 0.000010
0.000010 0.000010 0.999970 0.000010
0.999970 0.000010 0.000010 0.000010
0.000010 0.000010 0.999970 0.000010
0.000010 0.000010 0.999970 0.000010
0.574892 0.425088 0.000010 0.000010
0.000010 0.000010 0.000010 0.999970
0.999970 0.000010 0.000010 0.000010
0.000010 0.999970 0.000010 0.000010
0.000010 0.000010 0.000010 0.999970
0.000010 0.000010 0.999970 0.000010
0.000012 0.999968 0.000010 0.000010
0.000010 0.000010 0.000010 0.999970
0.000010 0.000010 0.999970 0.000010
0.999970 0.000010 0.000010 0.000010
0.000010 0.000010 0.999970 0.000010
0.000010 0.000010 0.999970 0.000010
0.000010 0.000010 0.000010 0.999970
0.999970 0.000010 0.000010 0.000010
