0.000010 0.999960 0.000010 0.000010 0.000010
0.999960 0.000010 0.000010 0.000010 0.000010
0.301466 0.000010 0.698504 0.000010 0.000010
0.000010 0.000010 0.000010 0.999960 0.000010
0.999960 0.000010 0.000010 0.000010 0.000010
0.000010 0.000010 0.000010 0.000010 0.999960
0.000010 0.000010 0.999960 0.000010 0.000010
0.999960 0.000010 0.000010 0.000010 0.000010
0.999960 0.000010 0.000010 0.000010 0.000010
0.000010 0.000010 0.000010 0.999960 0.000010
0.000010 0.000010 0.999960 0.000010 0.000010
0.999960 0.000010 0.000010 0.000010 0.000010
0.000010 0.000010 0.000010 0.000010 0.999960
0.000010 0.000010 0.000010 0.999960 0.000010
0.999960 0.000010 0.000010 0.000010 0.000010
0.000010 0.999960 0.000010 0.000010 0.000010
0.999960 0.000010 0.000010 0.000010 0.000010
0.387380 0.000010 0.612590 0.000010 0.000010
0.000010 0.000010 0.000010 0.999960 0.000010
0.000010 0.000010 0.000010 0.999960 0.000010
0.000010 0.000010 0.000010 0.999960 0.000010
0.000010 0.000010 0.999960 0.000010 0.000010
0.000010 0.000010 0.000010 0.999960 0.000010
0.000010 0.000010 0.000010 0.000010 0.999960
0.000010 0.999960 0.000010 0.000010 0.000010
0.000010 0.999960 0.000010 0.000010 0.000010
0.000010 0.000010 0.000010 0.999960 0.000010
0.000010 0.999960 0.000010 0.000010 0.000010
0.000010 0.999956 0.000014 0.000010 0.000010
0.000010 0.999960 0.000010 0.000010 0.000010
0.000010 0.306157 0.000010 0.693813 0.000010
0.999960 0.000010 0.000010 0.000010 0.000010
0.999960 0.000010 0.000010 0.000010 0.000010
0.000010 0.999960 0.000010 0.000010 0.000010
0.000010 0.000010 0.000010 0.000010 0.999960
0.000010 0.000010 0.999960 0.000010 0.000010
0.000010 0.000010 0.000010 0.999960 0.000010
0.000010 0.000010 0.999960 0.000010 0.000010
0.000010 0.999960 0.000010 0.000010 0.000010
0.000010 0.999960 0.000010 0.000010 0.000010
0.000010 0.000010 0.000010 0.999960 0.000010
0.000010 0.000010 0.000010 0.589762 0.410208
0.000010 0.999960 0.000010 0.000010 0.000010
0.000010 0.000010 0.000010 0.999960 0.000010
0.000010 0.000010 0.526867 0.000010 0.473103
0.000010 0.999960 0.000010 0.000010 0.000010
0.000010 0.000010 0.999960 0.000010 0.000010
0.485371 0.000010 0.000010 0.514599 0.000010
0.000011 0.000010 0.000010 0.000010 0.999959
0.000010 0.000010 0.999960 0.000010 0.000010
0.000010 0.999960 0.000010 0.000010 0.000010
0.000010 0.000010 0.000010 0.999960 0.000010
0.000010 0.000010 0.999960 0.000010 0.000010
0.000010 0.000010 0.999960 0.000010 0.000010
0.000010 0.000010 0.999960 0.000010 0.000010
0.000010 0.000010 0.999960 0.000010 0.000010
0.000010 0.000010 0.671127 0.328843 0.000010
0.999960 0.000010 0.000010 0.000010 0.000010
0.000010 0.000010 0.000010 0.000010 0.999960
0.000010 0.000010 0.000010 0.999960 0.000010
0.000010 0.000010 0.000010 0.999960 0.000010
0.999960 0.000010 0.000010 0.000010 0.000010
0.000010 0.000010 0.573628 0.000010 0.426342
0.000010 0.999960 0.000010 0.000010 0.000010
0.000010 0.000010 0.000010 0.000010 0.999960
0.999960 0.000010 0.000010 0.000010 0.000010
0.000010 0.000010 0.999960 0.000010 0.000010
0.000010 0.000010 0.000010 0.659594 0.340376
0.999960 0.000010 0.000010 0.000010 0.000010
0.000010 0.000010 0.000010 0.999960 0.000010
0.000010 0.999960 0.000010 0.000010 0.000010
0.000010 0.999960 0.000010 0.000010 0.000010
0.000010 0.000010 0.000010 0.999960 0.000010
0.000010 0.000010 0.999960 0.000010 0.000010
0.000010 0.000010 0.000010 0.999960 0.000010
0.000010 0.000010 0.000010 0.999960 0.000010
0.000010 0.000010 0.000010 0.999960 0.000010
0.000010 0.000010 0.000010 0.999960 0.000010
0.000010 0.338328 0.661642 0.000010 0.000010
0.000010 0.000010 0.999960 0.000010 0.000010
0.000010 0.000010 0.415676 0.000010 0.584294
