0.000010 0.999980 0.000010
0.000010 0.000010 0.999980
0.344577 0.655413 0.000010
0.000010 0.000010 0.999980
0.999980 0.000010 0.000010
0.000010 0.000010 0.999980
0.462035 0.537955 0.000010
0.999980 0.000010 0.000010
0.999980 0.000010 0.000010
0.999980 0.000010 0.000010
0.000010 0.811956 0.188034
0.000010 0.999980 0.000010
0.000010 0.000010 0.999980
0.999980 0.000010 0.000010
0.000010 0.999980 0.000010
0.000010 0.999980 0.000010
0.000010 0.999980 0.000010
0.296938 0.580935 0.122127
0.000010 0.999980 0.000010
0.000010 0.999980 0.000010
0.999980 0.000010 0.000010
0.516686 0.483304 0.000010
0.216739 0.783251 0.000010
0.000010 0.000010 0.999980
0.761504 0.000010 0.238486
0.000010 0.999980 0.000010
0.000010 0.999980 0.000010
0.999980 0.000010 0.000010
0.999980 0.000010 0.000010
0.999980 0.000010 0.000010
0.000010 0.999980 0.000010
0.000010 0.999980 0.000010
0.999980 0.000010 0.000010
0.423089 0.525757 0.051154
0.000010 0.000010 0.999980
0.000010 0.999980 0.000010
0.999980 0.000010 0.000010
0.000010 0.999980 0.000010
0.000010 0.000010 0.999980
0.000010 0.599134 0.400856
0.289876 0.710114 0.000010
0.377095 0.299523 0.323382
0.999980 0.000010 0.000010
0.000010 0.999980 0.000010
0.000010 0.398103 0.601887
0.000010 0.999980 0.000010
0.279728 0.720262 0.000010
0.999980 0.000010 0.000010
0.000010 0.000010 0.999980
0.999980 0.000010 0.000010
0.000010 0.818236 0.181754
0.000010 0.999980 0.000010
0.000010 0.999980 0.000010
0.000010 0.999980 0.000010
0.256658 0.743332 0.000010
0.999980 0.000010 0.000010
0.332882 0.667108 0.000010
0.999980 0.000010 0.000010
0.000010 0.000010 0.999980
0.000010 0.999980 0.000010
0.999980 0.000010 0.000010
0.999980 0.000010 0.000010
0.000010 0.000010 0.999980
0.999980 0.000010 0.000010
0.000010 0.000010 0.999980
0.680585 0.000010 0.319405
0.000010 0.999980 0.000010
0.606758 0.000010 0.393232
0.000010 0.999980 0.000010
0.999980 0.000010 0.000010
0.000010 0.999980 0.000010
0.000010 0.999980 0.000010
0.999980 0.000010 0.000010
0.234726 0.658734 0.106540
0.999980 0.000010 0.000010
0.000010 0.999980 0.000010
0.000010 0.999980 0.000010
0.000010 0.999980 0.000010
0.000010 0.653870 0.346120
0.000010 0.676723 0.323267
0.000010 0.000010 0.999980
